Percentage of comments toxic in training set and in test predictions respectively:

toxic: 0.09584, 0.21062
severe_toxic: 0.01, 0.00825
obscene: 0.05295, 0.12895
threat: 0.003, 0.00249
insult: 0.04936, 0.10002
identity_hate: 0.0088, 0.01214
